#include <bits/stdc++.h>
using namespace std;

int mat[49][49] = {
    {0,    13573, 3993, 1381,  11329, 12033, 4787,  8837,  1813,  1297,
     405,  1381,  5665, 14285, 1923,  11685, 11073, 7849,  949,   5665,
     1297, 12537, 1923, 12893, 11073, 8969,  1813,  11685, 5665,  3993,
     5665, 1297,  405,  13573, 5665,  1813,  209,   11073, 12033, 6613,
     949,  2275,  5665, 11485, 1923,  949,   6613,  2275,  14633},
    {13573, 0,     5902, 3108, 11233, 11967, 14259, 2212,  1332,  11467,
     1444,  3108,  5745, 7082, 5979,  2884,  11047, 7787,  3028,  5745,
     11467, 12387, 5979, 6390, 11047, 8925,  1332,  2884,  5745,  5902,
     5745,  11467, 1444, 116,  5745,  1332,  4502,  11047, 11967, 1556,
     3028,  6553,  5745, 5666, 5979,  3028,  1556,  6553,  14509},
    {3993, 5902,  0,    1830, 9889, 10507, 4171, 3854, 870,   3363,
     2574, 1830,  5073, 6226, 51,   5102,  9699, 6807, 5302,  5073,
     3363, 10927, 51,   5602, 9699, 7813,  870,  5102, 5073,  102,
     5073, 3363,  2574, 5902, 5073, 870,   1286, 9699, 10507, 2934,
     5302, 1997,  5073, 4994, 51,   5302,  2934, 1997, 12757},
    {1381, 3108,  1830, 0,    10465, 11135, 4443,  2084,  492,   1195,
     1316, 108,   5361, 6570, 1907,  2692,  10279, 7275,  2812,  5361,
     1195, 11555, 1907, 5942, 10279, 8285,  492,   2692,  5361,  1830,
     5361, 1195,  1316, 3108, 5361,  492,   1374,  10279, 11135, 1468,
     2812, 2129,  5361, 5282, 1907,  2812,  1468,  2129,  13485},
    {11329, 11233, 9889, 10465, 0,    9985,  11905, 7393, 4705,  9601,
     5089,  10465, 4801, 11809, 4865, 9697,  9153,  6465, 10081, 4801,
     9601,  10369, 4865, 10657, 9153, 7425,  4705,  9697, 4801,  9889,
     4801,  9601,  5089, 11233, 4801, 4705,  7585,  9153, 9985,  5473,
     10081, 5569,  4801, 9505,  4865, 10081, 5473,  5569, 12097},
    {12033, 11967, 10507, 11135, 9985, 0,     12641, 7871,  4871,  10193,
     5311,  11135, 5089,  12555, 5329, 10303, 9729,  6865,  10711, 5089,
     10193, 11009, 5329,  11339, 9729, 7889,  4871,  10303, 5089,  10507,
     5089,  10193, 5311,  11967, 5089, 4871,  8011,  9729,  103,   5847,
     10711, 5809,  5089,  10091, 5329, 10711, 5847,  5809,  12881},
    {4787,  14259, 4171, 4443,  11905, 12641, 0,     9395,  2043,  4035,
     6323,  4443,  6081, 15007, 2147,  12307, 11649, 8201,  12779, 6081,
     4035,  13177, 2147, 13519, 11649, 9417,  2043,  12307, 6081,  4171,
     6081,  4035,  6323, 14259, 6081,  2043,  3147,  11649, 12641, 6827,
     12779, 2403,  6081, 12047, 2147,  12779, 6827,  2403,  15369},
    {8837, 2212, 3854, 2084, 7393, 7871, 9395, 0,    1004, 7499,
     932,  2084, 3825, 4650, 3931, 1860, 367,  5099, 1948, 3825,
     7499, 8163, 3931, 4214, 367,  5853, 1004, 1860, 3825, 3854,
     3825, 7499, 932,  2212, 3825, 1004, 2966, 367,  7871, 1116,
     1948, 145,  3825, 3746, 3931, 1948, 1116, 145,  9517},
    {1813, 1332, 870,  492,  4705, 4871, 2043, 1004, 0,    1635,
     628,  492,  2353, 2874, 819,  1252, 4543, 3299, 552,  2353,
     1635, 5195, 819,  2574, 4543, 3597, 48,   1252, 2353, 870,
     2353, 1635, 628,  1332, 2353, 48,   526,  4543, 4871, 344,
     552,  921,  2353, 2402, 819,  552,  344,  921,  5949},
    {1297,  11467, 3363, 1195,  9601, 10193, 4035, 7499, 1635,  0,
     5195,  1195,  4769, 12087, 1731, 9899,  9345, 6601, 10291, 4769,
     99,    10601, 1731, 979,   9345, 667,   1635, 9899, 4769,  3363,
     4769,  99,    5195, 11467, 4769, 1635,  2595, 9345, 10193, 5619,
     10291, 1795,  4769, 9703,  1731, 10291, 5619, 1795, 12361},
    {405,  1444, 2574, 1316, 5089, 5311, 6323, 932,  628,  5195,
     0,    1316, 2545, 3114, 2651, 1348, 4903, 3563, 52,   2545,
     5195, 5603, 2651, 2934, 4903, 4061, 628,  1348, 2545, 2574,
     2545, 5195, 52,   1444, 2545, 628,  230,  4903, 5311, 724,
     52,   2969, 2545, 2466, 2651, 52,   724,  2969, 6445},
    {1381, 3108,  1830, 108,  10465, 11135, 4443,  2084,  492,   1195,
     1316, 0,     5361, 6570, 1907,  2692,  10279, 7275,  2812,  5361,
     1195, 11555, 1907, 5942, 10279, 8285,  492,   2692,  5361,  1830,
     5361, 1195,  1316, 3108, 5361,  492,   1374,  10279, 11135, 1468,
     2812, 2129,  5361, 5282, 1907,  2812,  1468,  2129,  13485},
    {5665, 5745, 5073, 5361, 4801, 5089, 6081, 3825, 2353, 4769,
     2545, 5361, 0,    5905, 2497, 4977, 4673, 3233, 5041, 49,
     4769, 5153, 2497, 5457, 4673, 615,  2353, 4977, 49,   5073,
     49,   4769, 2545, 5745, 49,   2353, 3729, 4673, 5089, 385,
     5041, 2785, 49,   49,   2497, 5041, 385,  2785, 6049},
    {14285, 7082,  6226, 6570, 11809, 12555, 15007, 4650,  2874,  12087,
     3114,  6570,  5905, 0,    6151,  6090,  11619, 8151,  6362,  5905,
     12087, 13039, 6151, 6690, 11619, 9349,  2874,  6090,  5905,  6226,
     5905,  12087, 3114, 7082, 5905,  2874,  4770,  11619, 12555, 3354,
     6362,  7017,  5905, 5954, 6151,  6362,  3354,  7017,  15253},
    {1923, 5979, 51,   1907, 4865, 5329, 2147, 3931, 819,  1731,
     2651, 1907, 2497, 6151, 0,    5051, 4737, 3369, 5347, 2497,
     1731, 5385, 51,   5559, 4737, 3881, 819,  5051, 2497, 51,
     2497, 1731, 2651, 5979, 2497, 819,  1363, 4737, 5329, 2851,
     5347, 963,  2497, 5079, 51,   5347, 2851, 963,  6313},
    {11685, 2884,  5102, 2692, 9697, 10303, 12307, 1860, 1252,  9899,
     1348,  2692,  4977, 6090, 5051, 0,     1879,  6667, 2596,  4977,
     9899,  10691, 5051, 1094, 1879, 7741,  1252,  100,  4977,  5102,
     4977,  9899,  1348, 2884, 4977, 1252,  3862,  1879, 10303, 1316,
     2596,  5657,  4977, 4898, 5051, 2596,  1316,  5657, 493},
    {11073, 11047, 9699, 10279, 9153, 9729, 11649, 367,  4543, 9345,
     4903,  10279, 4673, 11619, 4737, 1879, 0,     6337, 9903, 4673,
     9345,  10113, 4737, 2075,  95,   7297, 4543,  1879, 4673, 9699,
     4673,  9345,  4903, 11047, 4673, 4543, 7395,  95,   9729, 5295,
     9903,  379,   4673, 9315,  4737, 9903, 5295,  379,  2405},
    {7849, 7787, 6807, 7275, 6465, 6865, 8201, 5099, 3299, 6601,
     3563, 7275, 3233, 8151, 3369, 6667, 6337, 0,    6931, 3233,
     6601, 7209, 3369, 7399, 6337, 5161, 3299, 6667, 3233, 6807,
     3233, 6601, 3563, 7787, 3233, 3299, 5223, 6337, 6865, 3795,
     6931, 3729, 3233, 6535, 3369, 6931, 3795, 3729, 8329},
    {949,   3028,  5302, 2812, 10081, 10711, 12779, 1948, 552,   10291,
     52,    2812,  5041, 6362, 5347,  2596,  9903,  6931, 0,     5041,
     10291, 11131, 5347, 5726, 9903,  8045,  552,   2596, 5041,  5302,
     5041,  10291, 52,   3028, 5041,  552,   286,   9903, 10711, 648,
     104,   6009,  5041, 5090, 5347,  104,   648,   6009, 13021},
    {5665, 5745, 5073, 5361, 4801, 5089, 6081, 3825, 2353, 4769,
     2545, 5361, 49,   5905, 2497, 4977, 4673, 3233, 5041, 0,
     4769, 5153, 2497, 5457, 4673, 615,  2353, 4977, 49,   5073,
     49,   4769, 2545, 5745, 49,   2353, 3729, 4673, 5089, 385,
     5041, 2785, 49,   49,   2497, 5041, 385,  2785, 6049},
    {1297,  11467, 3363, 1195,  9601, 10193, 4035, 7499, 1635,  99,
     5195,  1195,  4769, 12087, 1731, 9899,  9345, 6601, 10291, 4769,
     0,     10601, 1731, 979,   9345, 667,   1635, 9899, 4769,  3363,
     4769,  99,    5195, 11467, 4769, 1635,  2595, 9345, 10193, 5619,
     10291, 1795,  4769, 9703,  1731, 10291, 5619, 1795, 12361},
    {12537, 12387, 10927, 11555, 10369, 11009, 13177, 8163,  5195,  10601,
     5603,  11555, 5153,  13039, 5385,  10691, 10113, 7209,  11131, 5153,
     10601, 0,     5385,  11775, 10113, 8201,  5195,  10691, 5153,  10927,
     5153,  10601, 5603,  12387, 5153,  5195,  8383,  10113, 11009, 5947,
     11131, 6017,  5153,  10495, 5385,  11131, 5947,  6017,  13353},
    {1923, 5979, 51,   1907, 4865, 5329, 2147, 3931, 819,  1731,
     2651, 1907, 2497, 6151, 51,   5051, 4737, 3369, 5347, 2497,
     1731, 5385, 0,    5559, 4737, 3881, 819,  5051, 2497, 51,
     2497, 1731, 2651, 5979, 2497, 819,  1363, 4737, 5329, 2851,
     5347, 963,  2497, 5079, 51,   5347, 2851, 963,  6313},
    {12893, 6390,  5602, 5942, 10657, 11339, 13519, 4214, 2574,  979,
     2934,  5942,  5457, 6690, 5559,  1094,  2075,  7399, 5726,  5457,
     979,   11775, 5559, 0,    2075,  801,   2574,  1094, 5457,  5602,
     5457,  979,   2934, 6390, 5457,  2574,  4322,  2075, 11339, 3166,
     5726,  6185,  5457, 5378, 5559,  5726,  3166,  6185, 2733},
    {11073, 11047, 9699, 10279, 9153, 9729, 11649, 367,  4543, 9345,
     4903,  10279, 4673, 11619, 4737, 1879, 95,    6337, 9903, 4673,
     9345,  10113, 4737, 2075,  0,    7297, 4543,  1879, 4673, 9699,
     4673,  9345,  4903, 11047, 4673, 4543, 7395,  95,   9729, 5295,
     9903,  379,   4673, 9315,  4737, 9903, 5295,  379,  2405},
    {8969, 8925, 7813, 8285, 7425, 7889, 9417, 5853, 3597, 667,
     4061, 8285, 615,  9349, 3881, 7741, 7297, 5161, 8045, 615,
     667,  8201, 3881, 801,  7297, 0,    3597, 7741, 615,  7813,
     615,  667,  4061, 8925, 615,  3597, 6005, 7297, 7889, 541,
     8045, 4433, 615,  1049, 3881, 8045, 541,  4433, 9641},
    {1813, 1332, 870,  492,  4705, 4871, 2043, 1004, 48,   1635,
     628,  492,  2353, 2874, 819,  1252, 4543, 3299, 552,  2353,
     1635, 5195, 819,  2574, 4543, 3597, 0,    1252, 2353, 870,
     2353, 1635, 628,  1332, 2353, 48,   526,  4543, 4871, 344,
     552,  921,  2353, 2402, 819,  552,  344,  921,  5949},
    {11685, 2884,  5102, 2692, 9697, 10303, 12307, 1860, 1252,  9899,
     1348,  2692,  4977, 6090, 5051, 100,   1879,  6667, 2596,  4977,
     9899,  10691, 5051, 1094, 1879, 7741,  1252,  0,    4977,  5102,
     4977,  9899,  1348, 2884, 4977, 1252,  3862,  1879, 10303, 1316,
     2596,  5657,  4977, 4898, 5051, 2596,  1316,  5657, 493},
    {5665, 5745, 5073, 5361, 4801, 5089, 6081, 3825, 2353, 4769,
     2545, 5361, 49,   5905, 2497, 4977, 4673, 3233, 5041, 49,
     4769, 5153, 2497, 5457, 4673, 615,  2353, 4977, 0,    5073,
     49,   4769, 2545, 5745, 49,   2353, 3729, 4673, 5089, 385,
     5041, 2785, 49,   49,   2497, 5041, 385,  2785, 6049},
    {3993, 5902,  102,  1830, 9889, 10507, 4171, 3854, 870,   3363,
     2574, 1830,  5073, 6226, 51,   5102,  9699, 6807, 5302,  5073,
     3363, 10927, 51,   5602, 9699, 7813,  870,  5102, 5073,  0,
     5073, 3363,  2574, 5902, 5073, 870,   1286, 9699, 10507, 2934,
     5302, 1997,  5073, 4994, 51,   5302,  2934, 1997, 12757},
    {5665, 5745, 5073, 5361, 4801, 5089, 6081, 3825, 2353, 4769,
     2545, 5361, 49,   5905, 2497, 4977, 4673, 3233, 5041, 49,
     4769, 5153, 2497, 5457, 4673, 615,  2353, 4977, 49,   5073,
     0,    4769, 2545, 5745, 49,   2353, 3729, 4673, 5089, 385,
     5041, 2785, 49,   49,   2497, 5041, 385,  2785, 6049},
    {1297,  11467, 3363, 1195,  9601, 10193, 4035, 7499, 1635,  99,
     5195,  1195,  4769, 12087, 1731, 9899,  9345, 6601, 10291, 4769,
     99,    10601, 1731, 979,   9345, 667,   1635, 9899, 4769,  3363,
     4769,  0,     5195, 11467, 4769, 1635,  2595, 9345, 10193, 5619,
     10291, 1795,  4769, 9703,  1731, 10291, 5619, 1795, 12361},
    {405,  1444, 2574, 1316, 5089, 5311, 6323, 932,  628,  5195,
     52,   1316, 2545, 3114, 2651, 1348, 4903, 3563, 52,   2545,
     5195, 5603, 2651, 2934, 4903, 4061, 628,  1348, 2545, 2574,
     2545, 5195, 0,    1444, 2545, 628,  230,  4903, 5311, 724,
     52,   2969, 2545, 2466, 2651, 52,   724,  2969, 6445},
    {13573, 116,   5902, 3108, 11233, 11967, 14259, 2212,  1332,  11467,
     1444,  3108,  5745, 7082, 5979,  2884,  11047, 7787,  3028,  5745,
     11467, 12387, 5979, 6390, 11047, 8925,  1332,  2884,  5745,  5902,
     5745,  11467, 1444, 0,    5745,  1332,  4502,  11047, 11967, 1556,
     3028,  6553,  5745, 5666, 5979,  3028,  1556,  6553,  14509},
    {5665, 5745, 5073, 5361, 4801, 5089, 6081, 3825, 2353, 4769,
     2545, 5361, 49,   5905, 2497, 4977, 4673, 3233, 5041, 49,
     4769, 5153, 2497, 5457, 4673, 615,  2353, 4977, 49,   5073,
     49,   4769, 2545, 5745, 0,    2353, 3729, 4673, 5089, 385,
     5041, 2785, 49,   49,   2497, 5041, 385,  2785, 6049},
    {1813, 1332, 870,  492,  4705, 4871, 2043, 1004, 48,   1635,
     628,  492,  2353, 2874, 819,  1252, 4543, 3299, 552,  2353,
     1635, 5195, 819,  2574, 4543, 3597, 48,   1252, 2353, 870,
     2353, 1635, 628,  1332, 2353, 0,    526,  4543, 4871, 344,
     552,  921,  2353, 2402, 819,  552,  344,  921,  5949},
    {209,  4502, 1286, 1374, 7585, 8011, 3147, 2966, 526,  2595,
     230,  1374, 3729, 4770, 1363, 3862, 7395, 5223, 286,  3729,
     2595, 8383, 1363, 4322, 7395, 6005, 526,  3862, 3729, 1286,
     3729, 2595, 230,  4502, 3729, 526,  0,    7395, 8011, 2302,
     286,  1469, 3729, 3778, 1363, 286,  2302, 1469, 9765},
    {11073, 11047, 9699, 10279, 9153, 9729, 11649, 367,  4543, 9345,
     4903,  10279, 4673, 11619, 4737, 1879, 95,    6337, 9903, 4673,
     9345,  10113, 4737, 2075,  95,   7297, 4543,  1879, 4673, 9699,
     4673,  9345,  4903, 11047, 4673, 4543, 7395,  0,    9729, 5295,
     9903,  379,   4673, 9315,  4737, 9903, 5295,  379,  2405},
    {12033, 11967, 10507, 11135, 9985, 103,   12641, 7871,  4871,  10193,
     5311,  11135, 5089,  12555, 5329, 10303, 9729,  6865,  10711, 5089,
     10193, 11009, 5329,  11339, 9729, 7889,  4871,  10303, 5089,  10507,
     5089,  10193, 5311,  11967, 5089, 4871,  8011,  9729,  0,     5847,
     10711, 5809,  5089,  10091, 5329, 10711, 5847,  5809,  12881},
    {6613, 1556, 2934, 1468, 5473, 5847, 6827, 1116, 344,  5619,
     724,  1468, 385,  3354, 2851, 1316, 5295, 3795, 648,  385,
     5619, 5947, 2851, 3166, 5295, 541,  344,  1316, 385,  2934,
     385,  5619, 724,  1556, 385,  344,  2302, 5295, 5847, 0,
     648,  3193, 385,  466,  2851, 648,  56,   3193, 6941},
    {949,   3028,  5302, 2812, 10081, 10711, 12779, 1948, 552,   10291,
     52,    2812,  5041, 6362, 5347,  2596,  9903,  6931, 104,   5041,
     10291, 11131, 5347, 5726, 9903,  8045,  552,   2596, 5041,  5302,
     5041,  10291, 52,   3028, 5041,  552,   286,   9903, 10711, 648,
     0,     6009,  5041, 5090, 5347,  104,   648,   6009, 13021},
    {2275, 6553, 1997, 2129, 5569, 5809, 2403, 145,  921,  1795,
     2969, 2129, 2785, 7017, 963,  5657, 379,  3729, 6009, 2785,
     1795, 6017, 963,  6185, 379,  4433, 921,  5657, 2785, 1997,
     2785, 1795, 2969, 6553, 2785, 921,  1469, 379,  5809, 3193,
     6009, 0,    2785, 5513, 963,  6009, 3193, 57,   7057},
    {5665, 5745, 5073, 5361, 4801, 5089, 6081, 3825, 2353, 4769,
     2545, 5361, 49,   5905, 2497, 4977, 4673, 3233, 5041, 49,
     4769, 5153, 2497, 5457, 4673, 615,  2353, 4977, 49,   5073,
     49,   4769, 2545, 5745, 49,   2353, 3729, 4673, 5089, 385,
     5041, 2785, 0,    49,   2497, 5041, 385,  2785, 6049},
    {11485, 5666,  4994, 5282, 9505, 10091, 12047, 3746, 2402,  9703,
     2466,  5282,  49,   5954, 5079, 4898,  9315,  6535, 5090,  49,
     9703,  10495, 5079, 5378, 9315, 1049,  2402,  4898, 49,    4994,
     49,    9703,  2466, 5666, 49,   2402,  3778,  9315, 10091, 466,
     5090,  5513,  49,   0,    5079, 5090,  466,   5513, 12229},
    {1923, 5979, 51,   1907, 4865, 5329, 2147, 3931, 819,  1731,
     2651, 1907, 2497, 6151, 51,   5051, 4737, 3369, 5347, 2497,
     1731, 5385, 51,   5559, 4737, 3881, 819,  5051, 2497, 51,
     2497, 1731, 2651, 5979, 2497, 819,  1363, 4737, 5329, 2851,
     5347, 963,  2497, 5079, 0,    5347, 2851, 963,  6313},
    {949,   3028,  5302, 2812, 10081, 10711, 12779, 1948, 552,   10291,
     52,    2812,  5041, 6362, 5347,  2596,  9903,  6931, 104,   5041,
     10291, 11131, 5347, 5726, 9903,  8045,  552,   2596, 5041,  5302,
     5041,  10291, 52,   3028, 5041,  552,   286,   9903, 10711, 648,
     104,   6009,  5041, 5090, 5347,  0,     648,   6009, 13021},
    {6613, 1556, 2934, 1468, 5473, 5847, 6827, 1116, 344,  5619,
     724,  1468, 385,  3354, 2851, 1316, 5295, 3795, 648,  385,
     5619, 5947, 2851, 3166, 5295, 541,  344,  1316, 385,  2934,
     385,  5619, 724,  1556, 385,  344,  2302, 5295, 5847, 56,
     648,  3193, 385,  466,  2851, 648,  0,    3193, 6941},
    {2275, 6553, 1997, 2129, 5569, 5809, 2403, 145,  921,  1795,
     2969, 2129, 2785, 7017, 963,  5657, 379,  3729, 6009, 2785,
     1795, 6017, 963,  6185, 379,  4433, 921,  5657, 2785, 1997,
     2785, 1795, 2969, 6553, 2785, 921,  1469, 379,  5809, 3193,
     6009, 57,   2785, 5513, 963,  6009, 3193, 0,    7057},
    {14633, 14509, 12757, 13485, 12097, 12881, 15369, 9517, 5949,  12361,
     6445,  13485, 6049,  15253, 6313,  493,   2405,  8329, 13021, 6049,
     12361, 13353, 6313,  2733,  2405,  9641,  5949,  493,  6049,  12757,
     6049,  12361, 6445,  14509, 6049,  5949,  9765,  2405, 12881, 6941,
     13021, 7057,  6049,  12229, 6313,  13021, 6941,  7057, 0}};

int main() {
  srand(time(NULL));

  string s;

  cout << "Enter the flag!" << endl;
  cin >> s;

  while(true) {
      int i = rand() % s.length();
      int j = rand() % s.length();

      int l = 0;
      while(true) {
          if((l ^ s[i] ^ s[j]) % s[i] == 0) {
              if((l ^ s[i] ^ s[j]) % s[j] == 0) {
                  if((l ^ s[i] ^ s[j]) != 0) {
                    break;
                  }
            }
          }
          l++;
      }
      if(i != j && mat[i][j] != l) {
          cout << "looks wrong to me :/" << endl;
          exit(0);
      }
  }
  return 0;
}
